100
0.54768 6.21893 0
1.45395 5.03421 0
-0.911497 5.68376 0
0.780084 5.43431 0
2.673 4.35305 0
-1.99259 5.27825 0
-1.84069 4.11297 0
0.0627632 6.24573 0
-0.546426 3.50834 0
-0.193436 3.64681 0
2.033 4.64825 0
0.168718 5.71138 0
-0.60663 5.16202 0
-1.98492 5.47697 0
-1.11543 5.31979 0
0.196283 5.18075 0
0.202523 3.18783 0
1.33018 4.46277 0
2.81955 5.03078 0
1.1667 3.56258 0
-0.807221 5.81218 0
-1.77829 5.2112 0
0.904971 5.12038 0
-3.68168 4.97549 0
-0.203202 5.42813 0
-0.149336 4.0937 0
-0.482765 5.1921 0
-0.490679 5.09359 0
0.236509 4.83028 0
0.57545 6.56595 0
-2.58205 5.88928 0
-0.0589651 5.84392 0
1.96564 4.95716 0
1.77369 3.68285 0
-1.98135 5.75033 0
-0.944491 4.55532 0
1.03402 3.42139 0
-0.474388 4.14707 0
2.3682 6.1195 0
1.03322 5.00574 0
-2.34974 6.68528 0
-1.82509 7.51421 0
-1.35921 4.35023 0
-2.27897 6.79048 0
-2.06575 5.07215 0
-0.557779 5.65492 0
1.22291 5.30987 0
-3.0485 6.43884 0
0.134573 6.77976 0
-0.13984 6.24487 0
10.7499 -0.86 1
8.28057 -0.02 1
9.56876 0.46 1
8.936 0.16 1
10.5554 -0.4 1
10.7047 0.44 1
10.2669 -0.12 1
10.0495 0.56 1
10.0972 -0.54 1
10.9875 -0.82 1
9.54605 -0.2 1
9.98866 0.3 1
10.1779 0.84 1
9.57686 -0.16 1
11.7221 0.74 1
9.32148 -0.94 1
10.4323 -0.46 1
11.6909 -0.42 1
10.041 -0.2 1
9.94002 -0.76 1
11.6394 -0.94 1
9.73213 0.38 1
11.1595 -0.82 1
9.69288 0.14 1
11.1607 0.2 1
9.18589 -0.34 1
10.8927 0.98 1
9.64429 0.56 1
9.53321 -0.68 1
9.29538 -0.3 1
10.8317 0.94 1
10.9707 -0.48 1
11.1876 -0.76 1
9.93328 0.34 1
9.6629 -0.8 1
11.2267 -0.34 1
10.9112 0.58 1
8.65811 -0.02 1
10.3757 0.58 1
8.46826 -0.58 1
8.69469 0.34 1
9.1568 0.44 1
11.0769 0.86 1
11.0323 -0.28 1
10.4373 0.7 1
10.2068 -0.1 1
9.74949 -0.44 1
10.2456 0.82 1
9.61486 0.88 1
9.36419 0.14 1
