1000
1.24586 4.55119 0
3.8767 4.16616 0
-0.359629 4.58557 0
-0.741514 2.8751 0
-0.652276 5.37706 0
1.14236 4.08149 0
0.832538 4.2141 0
-0.984915 4.8539 0
-0.0166111 5.97427 0
-0.762942 7.32427 0
2.21966 5.93267 0
1.38064 4.7099 0
-2.45035 4.31853 0
-0.854374 4.68698 0
-0.4755 4.62926 0
1.86755 3.5251 0
0.913672 4.91941 0
-0.371646 6.53147 0
-1.62144 3.93168 0
3.79098 4.8668 0
-4.16003 5.27537 0
1.14419 4.60254 0
-0.18231 4.1092 0
-0.254616 4.39455 0
0.278112 5.31684 0
-1.90482 3.94473 0
0.58378 4.91835 0
-3.82803 4.31625 0
-0.305143 5.15068 0
0.486152 4.40589 0
1.15667 3.53715 0
1.63169 5.31611 0
1.9672 5.86566 0
1.08795 4.05048 0
2.00385 5.31782 0
2.8054 4.67023 0
-0.727192 4.98557 0
-1.27991 3.7198 0
-0.171728 4.46417 0
2.66366 5.44614 0
-0.214384 4.03347 0
-3.46983 4.81929 0
0.0438508 5.43176 0
-2.3651 2.46094 0
-2.26495 6.73989 0
-0.667022 3.08678 0
-2.65273 4.58501 0
0.161471 8.2188 0
-2.81878 5.8215 0
0.918689 5.78093 0
1.52654 3.71235 0
1.13182 3.56643 0
2.68414 4.12665 0
-0.0985712 3.85802 0
-0.664015 4.71016 0
0.463429 5.92555 0
-1.8977 2.90961 0
0.891738 5.72629 0
-0.791276 4.18339 0
-1.06468 4.9382 0
-0.839189 4.85181 0
-1.81644 4.27039 0
-0.428409 6.30059 0
2.61385 6.18249 0
1.16491 4.05452 0
1.49474 6.77474 0
1.44987 5.04885 0
0.620051 5.63675 0
-1.54874 5.8514 0
-4.22363 5.82491 0
2.41686 5.88608 0
-4.82171 4.86789 0
2.39913 4.54432 0
-2.46774 5.37538 0
0.5348 5.22548 0
-0.261194 4.36101 0
-1.66931 4.19044 0
-3.0739 3.75348 0
3.24498 2.5004 0
0.741069 4.86136 0
0.672154 3.03741 0
0.234654 5.34424 0
1.02596 6.34105 0
-1.5747 5.65012 0
0.228428 5.85373 0
-0.548758 4.74802 0
-0.676182 5.9509 0
1.09278 5.33325 0
2.3595 4.80239 0
1.16475 5.26575 0
-1.38839 5.67527 0
2.60178 3.84681 0
1.54511 5.15522 0
-2.3556 4.26292 0
0.550039 4.18253 0
0.366871 5.53064 0
-0.62121 4.47842 0
-1.12895 5.8666 0
1.62906 4.66357 0
2.13737 4.47216 0
2.81451 5.39873 0
3.67693 4.89088 0
1.05784 4.77958 0
-1.23536 6.38594 0
1.03088 5.49739 0
2.37476 3.83677 0
1.67521 4.17611 0
-3.35544 6.08312 0
-1.90979 3.78026 0
-0.709712 3.00535 0
-0.711846 3.47221 0
-1.85322 5.20461 0
0.623881 4.75276 0
-2.60756 3.02351 0
-3.64213 5.75624 0
-0.17389 4.18421 0
-3.50686 4.89312 0
-1.9412 6.70741 0
1.97655 2.96763 0
0.582332 5.47511 0
1.83914 5.50291 0
-2.18232 3.80573 0
-2.22385 3.91981 0
-1.86959 5.41447 0
1.50459 5.17282 0
-1.42165 3.4968 0
0.403119 4.33351 0
0.406756 4.99683 0
3.66295 4.85672 0
0.983455 4.70039 0
-3.08411 5.24491 0
2.99302 7.11543 0
-1.57742 5.30667 0
-0.321389 5.44657 0
1.40591 3.69104 0
0.161269 3.94569 0
-1.51459 5.56439 0
2.13279 5.64209 0
-1.04898 4.0032 0
2.32385 6.73111 0
1.37149 4.9848 0
-1.10903 4.13291 0
0.700303 6.94 0
3.28991 4.70762 0
1.06442 4.27833 0
-0.82433 4.24788 0
-5.08436 3.77364 0
1.11167 3.70616 0
1.81747 4.37871 0
0.18521 2.44965 0
-2.45031 4.4305 0
-1.39286 4.55476 0
4.01662 3.56008 0
-2.65373 4.87289 0
-0.761662 5.9155 0
0.485318 4.65737 0
0.48996 6.81873 0
-0.0758395 2.38123 0
-2.13296 5.78643 0
-1.49523 3.72667 0
-2.27993 7.025 0
0.693432 3.66239 0
-0.961083 4.22448 0
-1.53529 6.42065 0
-0.957323 5.3236 0
1.2262 6.2025 0
-4.17301 4.55001 0
-0.705731 5.60969 0
0.189894 5.45906 0
-0.982478 6.47839 0
-1.19538 4.66709 0
1.42939 5.43215 0
-1.29476 4.03516 0
2.45383 4.85184 0
0.717006 3.49263 0
0.442814 6.3392 0
-4.47117 5.69499 0
1.22077 4.21782 0
1.64728 5.27447 0
2.90365 4.86029 0
0.0060783 3.67342 0
0.669722 4.47261 0
-1.95614 6.59916 0
-0.249827 6.96965 0
1.04654 5.38757 0
-2.16887 6.9003 0
-0.944285 5.90777 0
-1.16667 5.49665 0
-1.42458 5.50081 0
1.2933 5.2829 0
3.63986 3.5297 0
0.505485 3.91868 0
0.178463 5.34198 0
-2.59106 6.74187 0
-1.43942 5.4276 0
2.02155 6.33255 0
-2.04533 6.00452 0
-4.41582 5.50087 0
2.30042 4.6044 0
0.628538 5.20342 0
-0.837478 3.73278 0
1.89923 5.63449 0
3.47038 5.15499 0
-0.21566 5.99984 0
-0.199926 6.4971 0
-0.766157 4.62898 0
-2.3035 5.17033 0
-0.00577239 3.25055 0
3.5492 4.96584 0
-1.76901 4.18578 0
1.36567 5.47942 0
1.63442 5.64993 0
-0.893349 5.09699 0
-3.16604 5.13591 0
-0.408301 4.43492 0
0.984915 6.8211 0
1.09719 4.51616 0
2.04571 4.3224 0
1.19115 6.09553 0
1.42564 3.75404 0
-0.703584 5.3032 0
3.32189 5.60129 0
1.37759 3.96508 0
0.992145 5.79566 0
-0.784092 3.59895 0
2.62264 3.27695 0
-1.28323 4.86741 0
0.827655 5.33965 0
0.941171 5.88991 0
0.820735 4.9687 0
-5.74767 5.05003 0
-0.256126 4.70658 0
0.655533 4.87865 0
1.10229 4.9687 0
-1.73823 4.52008 0
-2.39455 4.39498 0
0.175168 4.48221 0
3.64958 4.63793 0
-1.93206 5.62257 0
-2.33337 5.37394 0
-5.4272 6.58622 0
0.0331771 3.53211 0
-0.274207 4.44674 0
-1.78731 6.39416 0
1.25741 5.77953 0
0.351643 4.5919 0
-2.60945 6.03201 0
0.461845 5.45565 0
-3.50038 4.43683 0
-0.0510736 6.43426 0
0.0553962 4.89554 0
1.27931 5.00076 0
-0.0463707 3.67683 0
1.06508 5.569 0
0.564386 6.04858 0
-1.0195 4.6 0
2.24944 5.15908 0
-0.84881 6.22132 0
-0.851149 4.25237 0
-0.575471 4.46946 0
-0.603114 3.62378 0
-0.428235 3.19795 0
1.58079 5.22133 0
0.650343 4.52715 0
-0.689684 5.10855 0
2.35356 6.59015 0
2.14632 5.86734 0
0.385577 4.56578 0
-2.63557 4.41767 0
-0.0797484 5.32095 0
3.19112 4.34292 0
-0.487928 4.45531 0
2.72252 5.23606 0
-1.24221 4.33077 0
2.11751 6.16359 0
-1.58129 5.21199 0
-4.41172 3.37311 0
-0.22067 4.25545 0
-2.50498 4.45912 0
-1.10565 4.03451 0
-0.52921 6.15096 0
-0.375908 4.50067 0
-1.73798 5.81036 0
-2.61137 4.08824 0
1.71061 6.22859 0
-4.28209 5.05882 0
3.07558 4.92681 0
-0.19191 4.50291 0
-7.82335 5.6238 0
0.819256 4.36682 0
0.897065 5.96628 0
3.57673 7.00089 0
4.32483 6.11876 0
0.011105 5.17271 0
-1.50538 6.42287 0
3.9722 6.0288 0
1.28784 6.3704 0
-2.87926 4.45932 0
-0.107219 5.44692 0
-2.18927 3.82859 0
-4.4384 5.44506 0
3.2852 5.85662 0
-0.42302 3.59966 0
0.978683 6.35271 0
-3.16536 4.11813 0
-0.906573 5.7864 0
0.704211 7.88877 0
1.38539 5.151 0
2.0934 5.06199 0
0.127761 5.25068 0
2.09695 5.40793 0
-0.993592 3.8154 0
3.81247 5.08907 0
-1.22176 4.75361 0
1.05162 4.96879 0
3.15275 5.02869 0
2.33749 5.29431 0
-0.836247 5.73 0
-0.716422 4.62499 0
-0.845712 4.22934 0
-1.81181 6.80444 0
-3.51174 4.23051 0
-0.497508 2.44549 0
0.852429 4.04828 0
0.039618 5.68608 0
-1.36559 6.09613 0
-0.337159 5.20549 0
0.535357 5.51006 0
-1.39527 5.58751 0
1.90585 4.01775 0
0.920976 5.27702 0
-0.502995 5.71856 0
-0.877093 5.75017 0
-1.12094 3.81366 0
0.999173 5.44926 0
1.4739 3.6025 0
2.49496 3.72479 0
1.78318 5.41807 0
-0.66704 5.6778 0
0.90296 5.62945 0
-3.76286 6.41715 0
-2.77546 6.45207 0
-1.87209 6.12246 0
1.24291 6.30185 0
-5.16464 5.28984 0
1.168 5.87227 0
2.10721 6.85184 0
-0.976161 4.14765 0
5.54248 3.57112 0
-1.37016 3.1341 0
2.42796 6.36121 0
1.23949 6.32791 0
3.40342 5.23335 0
1.71088 6.77159 0
1.33962 5.85436 0
0.0808506 4.09017 0
-0.805836 5.19645 0
-0.1954 4.67582 0
-0.301558 5.71877 0
1.17288 4.06447 0
-1.89179 3.58189 0
1.15102 5.74874 0
1.16602 7.99815 0
-0.121552 4.01752 0
4.17988 5.19274 0
2.60863 4.11641 0
1.93283 4.24872 0
1.20089 4.39008 0
0.751016 3.70972 0
0.185201 4.15778 0
-1.07796 3.43955 0
-2.71446 4.96036 0
5.08014 3.98288 0
0.877617 4.49755 0
1.89389 4.71407 0
1.7123 4.89057 0
-0.559497 3.10668 0
-2.67001 5.34437 0
2.04281 5.33083 0
-4.19616 5.53756 0
2.93302 5.35748 0
-1.52077 6.22473 0
-0.788805 5.20972 0
0.937203 3.79747 0
-0.218893 4.6408 0
1.53612 4.55153 0
0.0806166 5.19163 0
-1.67699 5.70453 0
1.7943 4.12304 0
-1.48714 5.65947 0
-3.87657 3.93011 0
0.589752 4.42688 0
0.331897 4.77275 0
-1.33063 4.4272 0
0.321015 6.06709 0
-3.75722 3.56861 0
0.412218 2.98043 0
-1.4562 3.91432 0
-2.49569 3.23489 0
1.42797 6.54401 0
-1.80572 5.70737 0
1.31953 5.86314 0
-1.19365 5.46622 0
0.354731 4.7371 0
-0.609044 3.36908 0
0.708979 4.28666 0
3.08219 5.51995 0
-0.126558 3.63516 0
0.33925 4.28685 0
3.38531 4.59731 0
3.86269 4.99629 0
0.662841 5.46353 0
2.52122 4.79718 0
1.06869 5.07792 0
1.81926 5.98024 0
-1.76226 5.84933 0
-0.109153 5.21135 0
1.03076 6.19075 0
-1.9957 5.86517 0
-0.745445 4.83328 0
-0.608157 6.22369 0
1.76239 6.61325 0
-1.89638 4.07765 0
-0.63802 7.20819 0
1.75238 5.92317 0
-4.02165 4.53235 0
0.914454 6.55032 0
0.153624 4.96135 0
0.477218 3.86895 0
1.73779 5.71961 0
-2.11421 4.44177 0
1.15313 5.08892 0
3.23011 4.68342 0
-1.2103 4.73757 0
1.05175 5.42261 0
1.2472 6.18681 0
2.7911 6.04466 0
1.60086 3.89316 0
0.213583 4.90828 0
0.603252 6.19884 0
4.79229 4.29909 0
-1.04891 3.79878 0
-1.16518 4.91693 0
-0.154051 3.93041 0
-1.25263 4.04115 0
1.35 4.63787 0
-0.745429 5.90274 0
1.08152 4.24473 0
1.01475 4.33557 0
-0.899784 5.76724 0
2.6328 4.27723 0
0.734338 4.85974 0
0.93616 6.60917 0
-1.51941 6.5156 0
1.4286 5.74125 0
3.02326 5.58447 0
1.20794 5.04037 0
0.250125 4.92865 0
2.21522 5.95365 0
-0.999236 4.85825 0
-0.197963 4.74668 0
-5.92208 4.03928 0
2.06558 2.75681 0
-1.6773 5.47068 0
-1.41557 6.03616 0
2.3671 5.71612 0
-0.719911 4.93055 0
-0.0481687 5.53903 0
5.25021 4.58216 0
-3.39999 5.20886 0
-1.85349 6.93021 0
-2.95633 7.31944 0
-0.939593 6.59535 0
-0.711166 6.23825 0
-1.90253 5.04039 0
0.0775736 4.31549 0
-0.526149 4.46254 0
-0.867936 4.17682 0
-1.66363 5.62524 0
-1.31019 3.96885 0
1.50268 4.02059 0
-2.31466 5.47634 0
-2.2647 4.33141 0
2.26484 4.11624 0
-0.62204 5.32438 0
-1.11969 5.02423 0
2.50551 6.7354 0
-2.41792 5.66414 0
-1.53267 5.25293 0
0.438151 4.40187 0
-2.06754 3.83698 0
-2.70547 4.88825 0
-0.171794 3.82414 0
-1.7437 5.90257 0
-0.281158 5.85362 0
0.353562 4.52033 0
2.42858 4.30463 0
-0.602177 4.97833 0
-3.34908 6.22133 0
0.00701552 6.44774 0
9.54845 -0.86 1
9.78253 -0.02 1
11.1615 0.46 1
11.4118 0.16 1
8.44328 -0.4 1
9.43695 0.44 1
9.38034 -0.12 1
9.91922 0.56 1
10.3049 -0.54 1
9.28084 -0.82 1
10.5057 -0.2 1
10.1879 0.3 1
11.7476 0.84 1
10.6092 -0.16 1
8.81311 0.74 1
8.806 -0.94 1
9.78273 -0.46 1
10.6009 -0.42 1
11.1612 -0.2 1
9.10471 -0.76 1
10.3267 -0.94 1
10.7024 0.38 1
9.61157 -0.82 1
11.3711 0.14 1
10.21 0.2 1
9.08578 -0.34 1
9.01213 0.98 1
10.5799 0.56 1
9.96126 -0.68 1
8.83824 -0.3 1
9.60521 0.94 1
9.81515 -0.48 1
10.1312 -0.76 1
9.80804 0.34 1
9.08965 -0.8 1
10.1951 -0.34 1
8.24371 0.58 1
9.90856 -0.02 1
8.28322 0.58 1
12.4069 -0.58 1
8.84845 0.34 1
11.3845 0.44 1
10.5898 0.86 1
9.01743 -0.28 1
12.3295 0.7 1
8.19103 -0.1 1
10.0168 -0.44 1
11.7951 0.82 1
10.0778 0.88 1
9.73815 0.14 1
9.58191 -0.98 1
9.42145 0.06 1
7.62307 -0.84 1
9.90498 -0.12 1
10.3478 0.36 1
9.61651 0.8 1
11.9066 -0.52 1
8.4055 0.92 1
8.39838 -0.4 1
10.9289 -0.94 1
9.30663 -0.56 1
9.92342 0.32 1
10.062 -0.02 1
9.69352 -0.52 1
11.8238 -0.98 1
8.7467 0.06 1
9.96538 0.54 1
10.7938 -0.84 1
9.70295 -0.44 1
10.1078 -0.34 1
9.55566 0.96 1
10.8792 0.62 1
10.328 -0.3 1
8.29167 -0.74 1
10.8355 0.3 1
9.03847 -0.72 1
12.4089 0.26 1
8.84294 -0.28 1
7.79065 -0.5 1
10.2042 0.38 1
10.9452 -0.7 1
9.9595 0.88 1
8.8711 -0.42 1
8.77501 -0.98 1
10.238 -0.66 1
9.35287 0.9 1
10.9805 -0.9 1
10.2841 -0.92 1
9.7038 0.02 1
11.1548 0.96 1
9.44765 0.76 1
9.49947 -0.54 1
10.174 -0.9 1
10.5715 0.64 1
8.46 0.04 1
10.3389 0.32 1
9.73518 -0.68 1
10.894 -0.26 1
10.1018 -0.24 1
10.3737 -0.12 1
10.5985 -0.98 1
9.7729 0.94 1
10.8787 0.42 1
9.29994 -0.44 1
10.636 -0.26 1
9.56685 0.16 1
11.6507 0.54 1
10.2695 0.94 1
9.25861 0.88 1
9.31448 -0.92 1
10.5277 -0.82 1
8.84629 -0.38 1
9.42464 -0.1 1
10.6048 0.5 1
9.05326 -0.3 1
8.27768 0.96 1
10.1611 -0.16 1
8.9645 0.98 1
9.82236 0.36 1
10.978 -0.76 1
8.8536 0.2 1
9.84452 0.14 1
10.305 0.88 1
9.53601 -0.84 1
11.0298 0.9 1
9.22431 0.36 1
9.36581 -0.74 1
10.232 -0.4 1
11.1627 -0.88 1
10.4358 0.24 1
10.5588 -0.16 1
10.7174 0.3 1
9.00921 0.64 1
10.2614 0.04 1
9.90555 0.34 1
11.3138 -0.58 1
9.89542 0.9 1
10.7165 -0.76 1
9.47424 0.42 1
11.2843 -0.98 1
10.4397 0.8 1
9.97875 -0.38 1
10.2433 -0.24 1
10.0919 0.14 1
8.52444 -0.68 1
11.2488 0.8 1
8.84013 -0.2 1
9.47081 0.58 1
10.1209 -0.3 1
10.5162 -0.88 1
10.121 0.44 1
11.1152 0.96 1
8.42086 0.9 1
10.9886 -0.62 1
9.11191 0.08 1
8.65282 -0.54 1
9.57209 0.78 1
11.1304 0.2 1
10.1906 -0.9 1
9.54209 -0.48 1
10.3433 -0.54 1
10.5304 -0.88 1
10.2349 -0.74 1
11.2151 0.4 1
10.3626 -0.24 1
9.29897 0.88 1
8.6954 -0.6 1
10.25 -0.12 1
9.87874 0.32 1
10.9674 -0.32 1
10.1429 -0.48 1
8.79088 0.88 1
11.1478 0.26 1
9.26729 -0.24 1
10.128 -0.12 1
9.32147 0.8 1
12.253 0 1
9.91036 0.18 1
9.86312 -0.54 1
10.7883 -0.06 1
8.57859 0.7 1
9.92532 -0.66 1
11.632 0.44 1
9.86568 -0.22 1
8.87133 -0.06 1
9.15591 0.7 1
12.3493 0.92 1
10.1719 0.7 1
11.3981 -0.54 1
10.7828 -0.6 1
9.56573 -0.12 1
11.5029 0.36 1
8.57517 -0.3 1
9.82975 -0.7 1
8.90582 -0.5 1
9.24543 -0.32 1
9.0568 -0.16 1
10.0526 -0.78 1
10.4359 0.58 1
11.6157 0.04 1
11.5336 -0.12 1
10.411 0.9 1
9.72319 -0.64 1
10.6085 0.92 1
11.2359 0.84 1
10.2433 -0.7 1
11.0246 0.82 1
7.56206 -0.34 1
10.8473 0.38 1
7.90163 0.94 1
8.43729 0.06 1
10.4976 -0.06 1
9.88152 -0.5 1
8.4558 -0.8 1
10.7977 0.24 1
9.79677 -0.78 1
11.913 -0.84 1
9.23066 0.54 1
10.3519 0.22 1
8.76641 -0.5 1
11.7159 -0.3 1
9.07068 0.36 1
9.39788 0.9 1
10.6658 0.52 1
9.82273 0.34 1
9.36278 -0.22 1
12.7537 0.48 1
9.94486 -0.38 1
8.86424 0.12 1
9.88932 -0.98 1
9.68374 0.44 1
10.7601 0.2 1
8.38405 0.88 1
9.69439 0.68 1
11.367 0.1 1
7.98718 0.78 1
9.75804 -0.86 1
9.41678 -0.7 1
10.6945 0.86 1
9.52624 0.38 1
11.3291 0.6 1
9.33641 0.1 1
10.8593 0.1 1
10.1914 -0.88 1
10.5354 0.26 1
10.161 -0.96 1
8.1959 0.52 1
9.68074 -0.84 1
9.90011 -0.02 1
12.2068 -0.38 1
9.4232 -0.12 1
8.99426 -0.24 1
11.2915 -0.84 1
11.1974 0.94 1
10.0753 0.02 1
12.4596 -0.02 1
9.60092 -0.94 1
10.4554 -0.38 1
10.0803 -0.38 1
11.1737 -0.72 1
8.67143 -0.62 1
8.10717 0.5 1
10.3994 -0.82 1
10.9434 0.6 1
9.49864 -0.42 1
10.9402 -0.54 1
10.5164 0.08 1
10.1736 0.2 1
10.6853 -0.26 1
10.0598 -0.1 1
11.2964 -0.66 1
9.1138 -0.5 1
9.02218 -1 1
10.6475 0.12 1
8.52001 0.28 1
10.1208 0.94 1
10.0778 -0.04 1
9.781 -0.92 1
9.48948 0 1
11.3745 0 1
10.0663 0.52 1
10.0445 -0.76 1
9.17982 0.08 1
11.3555 0.94 1
7.73449 -0.92 1
10.0323 0.62 1
9.88377 -0.04 1
10.1507 0.3 1
9.32031 0.56 1
11.3771 0.98 1
9.5521 -0.82 1
11.5864 -0.42 1
8.49614 0.06 1
11.1423 0.66 1
9.59433 -0.06 1
9.48751 -0.86 1
11.0643 0.46 1
10.7206 -0.56 1
10.5222 -0.9 1
10.8147 0.52 1
9.50046 0.06 1
9.10913 -0.52 1
10.3473 -0.4 1
9.81446 0.32 1
10.1623 -1 1
8.93064 -0.12 1
12.2576 0.4 1
10.4218 0.7 1
10.0243 -0.68 1
9.36706 0.96 1
8.33104 0.1 1
8.48481 -0.34 1
10.8855 0.14 1
9.83193 0.52 1
10.4028 0.56 1
8.71318 0.32 1
9.63728 0.14 1
9.47848 -0.78 1
9.95708 0.56 1
9.7966 -0.72 1
9.93392 -0.62 1
9.1173 -0.26 1
10.8703 -0.34 1
9.04048 0.82 1
10.5757 -0.6 1
10.4575 0.24 1
10.043 -0.34 1
10.9854 0.94 1
10.4036 -0.38 1
9.54082 0.76 1
8.92633 0.78 1
10.7784 0.46 1
10.193 0.54 1
10.7892 -0.92 1
9.91688 0.16 1
9.68144 -1 1
11.6659 0.08 1
8.5078 0.2 1
8.66953 -0.7 1
10.6932 -0.06 1
9.36997 0.6 1
10.1677 -0.4 1
9.7737 0.1 1
9.76353 -0.08 1
8.83344 -0.86 1
12.281 -0.24 1
9.24616 -1 1
10.0933 -0.48 1
9.61513 -0.3 1
11.1736 0.14 1
10.9207 -0.74 1
8.71361 -0.72 1
10.2318 0.86 1
9.01691 0.2 1
9.73295 0.08 1
9.45998 -0.64 1
9.219 0.14 1
10.0112 0.7 1
10.6197 -0.42 1
9.92444 -0.7 1
8.80216 0.26 1
9.24679 -0.96 1
8.45989 -0.66 1
9.05571 -0.14 1
10.7856 -0.62 1
9.30957 0.34 1
10.6098 -0.06 1
9.43856 0.38 1
10.2874 0.9 1
9.19988 -0.94 1
8.79618 0.46 1
11.525 -0.94 1
9.20783 -0.04 1
10.352 0.7 1
11.7179 0.16 1
8.68751 0.18 1
9.69476 -0.88 1
9.35345 -0.4 1
9.95919 -0.52 1
11.2383 -0.36 1
10.3898 0.46 1
9.19286 -0.94 1
9.49494 0.94 1
11.9304 -0.6 1
9.52642 0 1
11.8183 -0.38 1
9.58682 0.6 1
11.6972 -0.94 1
10.252 -1 1
11.7873 -0.6 1
9.61998 -0.34 1
12.3534 0.16 1
9.54909 -0.94 1
10.2951 0.52 1
10.4161 0 1
11.4238 -0.32 1
8.84323 0.6 1
11.0734 0.58 1
9.60678 -0.36 1
10.7337 0.48 1
9.18028 -0.02 1
9.18529 -0.16 1
9.72068 -0.02 1
10.7612 0.42 1
10.6796 -0.8 1
11.3591 0.58 1
10.2286 0.66 1
8.1412 0.4 1
11.2072 -0.2 1
11.0563 -0.54 1
11.0625 0 1
9.54473 0.42 1
10.2492 -0.42 1
10.8743 -0.64 1
9.81274 -0.08 1
9.98397 0.98 1
10.3305 -0.4 1
8.63021 -0.58 1
10.613 0.52 1
8.16901 -0.52 1
9.79618 -0.12 1
8.61186 0.16 1
12.0054 0.92 1
9.36881 0.42 1
9.5994 0.28 1
10.4059 0.2 1
9.17916 0.96 1
10.9592 0.02 1
9.56229 -0.2 1
10.6523 -0.94 1
11.1923 0.02 1
10.8914 -0.98 1
8.37974 -0.9 1
8.70993 0.6 1
10.2678 -0.64 1
9.27238 0.48 1
9.90322 -0.02 1
10.9672 -0.74 1
9.89008 -0.6 1
10.8075 -0.5 1
11.0068 -0.76 1
10.2131 0.66 1
9.9229 0.76 1
8.80663 -0.66 1
10.2156 -0.84 1
9.61343 0 1
9.92404 -0.52 1
10.7628 0.9 1
10.9576 0.14 1
10.4526 -0.78 1
9.10248 0.8 1
10.822 0.32 1
8.3261 -0.8 1
10.0777 0.86 1
9.63615 0.06 1
9.4136 0.3 1
8.9275 0.2 1
11.1152 -0.16 1
10.5277 -0.94 1
11.9149 0.04 1
10.5594 -0.86 1
11.6597 -0.18 1
8.94104 -0.8 1
9.40668 -1 1
8.73199 0.98 1
9.72625 -0.46 1
11.5352 0.42 1
8.90898 0.74 1
9.58475 -0.72 1
10.5546 -0.5 1
11.3949 -0.18 1
8.73923 -0.66 1
9.76133 -0.04 1
11.0839 -0.16 1
11.3061 -0.7 1
9.26973 0.48 1
8.64522 -0.1 1
9.75577 0.46 1
10.6616 -0.6 1
10.4627 -0.78 1
10.8643 -0.22 1
11.808 0.08 1
9.86663 -0.9 1
10.3339 -0.42 1
9.12557 0.06 1
9.80434 0.78 1
9.6508 0.32 1
7.68207 0.12 1
10.6598 -0.92 1
9.44988 0.2 1
8.58554 0.96 1
10.2261 0.84 1
10.1073 -0.6 1
7.8147 -0.68 1
7.83568 0.6 1
11.3714 0.34 1
10.3472 0.04 1
11.313 -0.22 1
9.52748 0.96 1
9.47971 -0.98 1
